   0.0000000e+00   2.0361727e+01   2.2502879e+01   2.3772602e+01   2.3856600e+01   2.4189768e+01   2.4200669e+01   2.4246072e+01   3.8871628e+01   3.9252111e+01   3.9261771e+01   3.9834268e+01   3.9908896e+01   3.9950804e+01   3.9953993e+01   4.0114362e+01   4.0129234e+01   4.0166582e+01   4.0412173e+01   4.0726029e+01   4.0892374e+01
   0.0000000e+00   2.2502879e+01   2.4283351e+01   2.4339460e+01   2.5592968e+01   2.6365107e+01   2.6989781e+01   2.7272728e+01   4.2741329e+01   4.2988399e+01   4.3127366e+01   4.3395173e+01   4.3527565e+01   4.3665330e+01   4.3743599e+01   4.3815046e+01   4.3835997e+01   4.3990462e+01   4.4176851e+01   4.4281930e+01   4.4460641e+01
   0.0000000e+00   2.0825345e+01   4.1357382e+01   4.1402846e+01   4.1811369e+01   4.1854135e+01   4.2106299e+01   4.2222546e+01   4.2849871e+01   4.2891910e+01   4.3098868e+01   4.3195533e+01   4.3333915e+01   4.3370105e+01   4.3381938e+01   4.3394823e+01   4.3430969e+01   4.3445110e+01   4.3513362e+01   4.3609344e+01   4.3695602e+01
   0.0000000e+00   2.0825345e+01   4.2889880e+01   4.3120283e+01   4.3299695e+01   4.3309701e+01   4.3407659e+01   4.3930480e+01   4.4410538e+01   4.4533608e+01   4.4634620e+01   4.4653064e+01   4.4668231e+01   4.4710173e+01   4.4793918e+01   4.4919324e+01   4.4965278e+01   4.4983634e+01   4.5088159e+01   4.5212713e+01   4.5240895e+01
   0.0000000e+00   2.0361727e+01   2.1212545e+01   2.1911521e+01   2.3419877e+01   2.4283351e+01   2.5791149e+01   2.6044000e+01   4.0170634e+01   4.0513023e+01   4.0551927e+01   4.1161103e+01   4.1276474e+01   4.1310348e+01   4.1340827e+01   4.1341444e+01   4.1351007e+01   4.1464345e+01   4.1530495e+01   4.1919710e+01   4.1922756e+01
   0.0000000e+00   2.1778771e+01   2.1911521e+01   2.3856600e+01   2.5154967e+01   2.5400068e+01   2.5592968e+01   2.6213950e+01   4.2247459e+01   4.2635527e+01   4.2709154e+01   4.2930771e+01   4.3265303e+01   4.3279146e+01   4.3279713e+01   4.3335892e+01   4.3463411e+01   4.3662334e+01   4.3745645e+01   4.3747811e+01   4.4157102e+01
   0.0000000e+00   2.1778771e+01   2.3419877e+01   2.4154968e+01   2.4200669e+01   2.4339460e+01   2.7207386e+01   2.7773502e+01   4.2654008e+01   4.2793695e+01   4.3371059e+01   4.3491105e+01   4.3657429e+01   4.3662671e+01   4.3734274e+01   4.3739519e+01   4.3891940e+01   4.3974635e+01   4.4019745e+01   4.4140064e+01   4.4389621e+01
   0.0000000e+00   2.1212545e+01   2.4154968e+01   2.4246072e+01   2.5400068e+01   2.6989781e+01   2.7029337e+01   2.7091755e+01   4.2599632e+01   4.2655657e+01   4.3115658e+01   4.3365860e+01   4.3372486e+01   4.3472738e+01   4.3607470e+01   4.3690606e+01   4.3758627e+01   4.3980300e+01   4.4018561e+01   4.4088579e+01   4.4140621e+01
   0.0000000e+00   1.5431500e+01   2.4189768e+01   2.5791149e+01   2.6213950e+01   2.7029337e+01   2.7272728e+01   2.7773502e+01   4.3098053e+01   4.3102851e+01   4.3172577e+01   4.3297582e+01   4.3310433e+01   4.3531308e+01   4.3647633e+01   4.3823444e+01   4.3937126e+01   4.4075110e+01   4.4197430e+01   4.4308651e+01   4.4455155e+01
   0.0000000e+00   1.5431500e+01   2.3772602e+01   2.5154967e+01   2.6044000e+01   2.6365107e+01   2.7091755e+01   2.7207386e+01   4.2598517e+01   4.2665687e+01   4.2739108e+01   4.2748496e+01   4.2782849e+01   4.3295092e+01   4.3365822e+01   4.3517525e+01   4.3518991e+01   4.3695293e+01   4.3703199e+01   4.3773054e+01   4.4098691e+01
   0.0000000e+00   1.9200019e+01   2.5342090e+01   2.5430635e+01   2.9607930e+01   3.0475964e+01   3.0879749e+01   3.4611114e+01   4.0631260e+01   4.1074289e+01   4.1085287e+01   4.1288541e+01   4.1411477e+01   4.1633608e+01   4.2331305e+01   4.2475245e+01   4.2602032e+01   4.2658284e+01   4.2681456e+01   4.2713295e+01   4.2730582e+01
   0.0000000e+00   1.9200019e+01   2.5017829e+01   2.6380003e+01   2.9060009e+01   3.0178928e+01   3.0412423e+01   3.5484663e+01   3.9342426e+01   3.9908896e+01   3.9936778e+01   4.0058964e+01   4.0175341e+01   4.0311542e+01   4.1153165e+01   4.1171086e+01   4.1259436e+01   4.1276474e+01   4.1284054e+01   4.1425401e+01   4.1477581e+01
   0.0000000e+00   3.1027101e+01   4.7392183e+01   4.7762996e+01   4.7922512e+01   4.7985438e+01   4.8376552e+01   4.8498072e+01   4.9060880e+01   4.9154647e+01   4.9168871e+01   4.9237637e+01   4.9291339e+01   4.9347679e+01   4.9351284e+01   4.9375172e+01   4.9483204e+01   4.9505138e+01   4.9715945e+01   4.9717591e+01   4.9749674e+01
   0.0000000e+00   3.1027101e+01   4.3727034e+01   4.4036703e+01   4.4326848e+01   4.4771856e+01   4.4785449e+01   4.5192531e+01   4.5211634e+01   4.5558375e+01   4.5797303e+01   4.5804320e+01   4.5806443e+01   4.5832996e+01   4.5953022e+01   4.5990035e+01   4.6097429e+01   4.6166965e+01   4.6172851e+01   4.6247290e+01   4.6252074e+01
   0.0000000e+00   1.9090379e+01   3.1411747e+01   3.3942717e+01   3.4611114e+01   3.5484663e+01   3.7340534e+01   3.9322190e+01   5.0927059e+01   5.1534610e+01   5.1563620e+01   5.1580753e+01   5.1805045e+01   5.2224400e+01   5.2316076e+01   5.2591297e+01   5.2612720e+01   5.2714521e+01   5.2748413e+01   5.2807611e+01   5.2862654e+01
   0.0000000e+00   1.9090379e+01   2.6389078e+01   2.9241795e+01   3.0178928e+01   3.0475964e+01   3.3629031e+01   3.5910736e+01   4.7007126e+01   4.7345181e+01   4.7567649e+01   4.7867580e+01   4.8139092e+01   4.8237636e+01   4.8378899e+01   4.8606531e+01   4.8749657e+01   4.8769094e+01   4.8825781e+01   4.8866206e+01   4.8916558e+01
   0.0000000e+00   2.4321620e+01   2.5017829e+01   2.5342090e+01   2.6389078e+01   2.6504412e+01   2.8467571e+01   3.1411747e+01   4.1760139e+01   4.2056927e+01   4.2085301e+01   4.2490921e+01   4.2529232e+01   4.2590152e+01   4.3285613e+01   4.3384887e+01   4.3418728e+01   4.3494920e+01   4.3501757e+01   4.3513165e+01   4.3757329e+01
   0.0000000e+00   2.4321620e+01   2.5430635e+01   2.6380003e+01   2.7954209e+01   2.8576078e+01   2.9241795e+01   3.3942717e+01   4.3905202e+01   4.4480666e+01   4.4734939e+01   4.4845989e+01   4.4964413e+01   4.5114658e+01   4.5475223e+01   4.5708952e+01   4.5715566e+01   4.5975146e+01   4.5982899e+01   4.6003215e+01   4.6069833e+01
   0.0000000e+00   2.6990889e+01   2.7954209e+01   2.8467571e+01   3.0412423e+01   3.0879749e+01   3.5910736e+01   3.9322190e+01   4.6307751e+01   4.6467731e+01   4.6502147e+01   4.6710620e+01   4.6820198e+01   4.7105633e+01   4.7144663e+01   4.7245393e+01   4.7384355e+01   4.7489085e+01   4.7763237e+01   4.7765979e+01   4.7838526e+01
   0.0000000e+00   2.6504412e+01   2.6990889e+01   2.8576078e+01   2.9060009e+01   2.9607930e+01   3.3629031e+01   3.7340534e+01   4.3945157e+01   4.4408620e+01   4.4496015e+01   4.4704466e+01   4.4881979e+01   4.4947849e+01   4.5160770e+01   4.5169226e+01   4.5206355e+01   4.5394239e+01   4.5426646e+01   4.5496103e+01   4.5674971e+01
   0.0000000e+00   1.5234486e+01   2.4667785e+01   2.4851843e+01   2.5489063e+01   2.6110278e+01   2.7937519e+01   2.9592775e+01   3.0267558e+01   3.3940886e+01   4.1276313e+01   4.1564281e+01   4.2199354e+01   4.2515478e+01   4.2619554e+01   4.2717407e+01   4.2736711e+01   4.3164256e+01   4.3216736e+01   4.3217512e+01   4.3343134e+01
   0.0000000e+00   1.5234486e+01   2.4105836e+01   2.4706156e+01   2.5365394e+01   2.5902685e+01   2.7268284e+01   3.0009672e+01   3.0040764e+01   3.4287163e+01   4.0842960e+01   4.1292488e+01   4.1705102e+01   4.2060962e+01   4.2336101e+01   4.2347764e+01   4.2620080e+01   4.2695644e+01   4.2745477e+01   4.2876559e+01   4.2984746e+01
   0.0000000e+00   1.8659445e+01   2.4626154e+01   2.5272875e+01   2.5902685e+01   2.6110278e+01   2.8099499e+01   2.9091619e+01   2.9899781e+01   3.3853492e+01   4.0357124e+01   4.0460421e+01   4.0885706e+01   4.1146174e+01   4.1310556e+01   4.1478250e+01   4.1811037e+01   4.1811470e+01   4.1922756e+01   4.1991191e+01   4.2070986e+01
   0.0000000e+00   1.8659445e+01   2.4300897e+01   2.5365394e+01   2.5489063e+01   2.6135527e+01   2.6823726e+01   2.7692181e+01   2.8976257e+01   3.4093718e+01   3.9567245e+01   3.9683372e+01   4.0195986e+01   4.0465193e+01   4.0588207e+01   4.0726029e+01   4.0728873e+01   4.0873661e+01   4.1035282e+01   4.1259436e+01   4.1447693e+01
   0.0000000e+00   2.6676827e+01   2.7692181e+01   2.7817648e+01   2.9805200e+01   2.9899781e+01   3.0040764e+01   3.0267558e+01   3.1183188e+01   3.5596722e+01   4.6384648e+01   4.6985712e+01   4.7261135e+01   4.7511400e+01   4.7544976e+01   4.7997770e+01   4.8045248e+01   4.8089348e+01   4.8097309e+01   4.8138741e+01   4.8167653e+01
   0.0000000e+00   2.4105836e+01   2.4386979e+01   2.4667785e+01   2.6823726e+01   2.7441240e+01   2.8099499e+01   2.9737838e+01   2.9805200e+01   3.4161871e+01   4.3382795e+01   4.3810453e+01   4.4143576e+01   4.4576096e+01   4.4713058e+01   4.4904384e+01   4.5066129e+01   4.5100302e+01   4.5273483e+01   4.5302376e+01   4.5304001e+01
   0.0000000e+00   1.8760785e+01   3.0566302e+01   3.3614408e+01   3.3853492e+01   3.3940886e+01   3.4093718e+01   3.4161871e+01   3.4287163e+01   3.5596722e+01   5.0574029e+01   5.0631215e+01   5.0987523e+01   5.1078393e+01   5.1085654e+01   5.1189833e+01   5.1592279e+01   5.1857272e+01   5.1918686e+01   5.1984303e+01   5.2040272e+01
   0.0000000e+00   1.8760785e+01   2.5574535e+01   2.8636579e+01   2.8976257e+01   2.9091619e+01   2.9592775e+01   2.9737838e+01   3.0009672e+01   3.1183188e+01   4.6313770e+01   4.6551143e+01   4.6873931e+01   4.6886336e+01   4.6896173e+01   4.7076971e+01   4.7571612e+01   4.7583773e+01   4.7815842e+01   4.7825815e+01   4.7841593e+01
   0.0000000e+00   2.4300897e+01   2.4386979e+01   2.4582347e+01   2.4626154e+01   2.4706156e+01   2.4851843e+01   2.5574535e+01   2.6676827e+01   3.0566302e+01   4.0832370e+01   4.1050333e+01   4.1535475e+01   4.1926629e+01   4.2140503e+01   4.2227181e+01   4.2637370e+01   4.2679734e+01   4.2738630e+01   4.2749515e+01   4.2814784e+01
   0.0000000e+00   2.4582347e+01   2.5272875e+01   2.6135527e+01   2.7268284e+01   2.7441240e+01   2.7817648e+01   2.7937519e+01   2.8636579e+01   3.3614408e+01   4.3836324e+01   4.4449417e+01   4.4501726e+01   4.4796928e+01   4.5080486e+01   4.5215453e+01   4.5566858e+01   4.5579514e+01   4.5600121e+01   4.5655836e+01   4.5703493e+01
   0.0000000e+00   2.1454247e+01   3.9857073e+01   4.0129234e+01   4.0420292e+01   4.0635187e+01   4.0928173e+01   4.1211906e+01   4.1306579e+01   4.1351007e+01   4.1591051e+01   4.1703801e+01   4.1718773e+01   4.1739518e+01   4.1840097e+01   4.2018850e+01   4.2070986e+01   4.2193438e+01   4.2521571e+01   4.2542950e+01   4.2554448e+01
   0.0000000e+00   2.1454247e+01   4.0950287e+01   4.1070153e+01   4.1343649e+01   4.1481052e+01   4.1710748e+01   4.1844954e+01   4.2060624e+01   4.2380522e+01   4.2481858e+01   4.2551251e+01   4.2593928e+01   4.2618570e+01   4.2757040e+01   4.2767651e+01   4.2782258e+01   4.2833996e+01   4.3021783e+01   4.3207812e+01   4.3296822e+01
   0.0000000e+00   2.5078764e+01   4.5525095e+01   4.5558236e+01   4.5647336e+01   4.5984055e+01   4.5991240e+01   4.6220204e+01   4.6351691e+01   4.6665036e+01   4.6745459e+01   4.7001557e+01   4.7031481e+01   4.7091837e+01   4.7097705e+01   4.7124350e+01   4.7381351e+01   4.7388490e+01   4.7406473e+01   4.7474254e+01   4.7522342e+01
   0.0000000e+00   2.5078764e+01   4.4128409e+01   4.4322259e+01   4.4431926e+01   4.4650159e+01   4.4933766e+01   4.5043717e+01   4.5505864e+01   4.5551885e+01   4.5730194e+01   4.5803322e+01   4.5977555e+01   4.6019992e+01   4.6039562e+01   4.6067544e+01   4.6111686e+01   4.6139614e+01   4.6283630e+01   4.6321521e+01   4.6352728e+01
   0.0000000e+00   2.6537195e+01   4.4987420e+01   4.5006133e+01   4.5158354e+01   4.5277386e+01   4.5519138e+01   4.5921043e+01   4.6014113e+01   4.6298015e+01   4.6376005e+01   4.6432298e+01   4.6444705e+01   4.6444982e+01   4.6506358e+01   4.6555272e+01   4.6796152e+01   4.7071784e+01   4.7164564e+01   4.7196895e+01   4.7201467e+01
   0.0000000e+00   2.6537195e+01   4.4490654e+01   4.4531521e+01   4.4685177e+01   4.5016806e+01   4.5387524e+01   4.5535967e+01   4.5592131e+01   4.5880699e+01   4.6015262e+01   4.6199296e+01   4.6228053e+01   4.6258578e+01   4.6261534e+01   4.6321274e+01   4.6342602e+01   4.6358342e+01   4.6384800e+01   4.6385210e+01   4.6635989e+01
   0.0000000e+00   2.0731288e+01   4.3003441e+01   4.3939027e+01   4.4181593e+01   4.4313825e+01   4.4314226e+01   4.4406297e+01   4.4713009e+01   4.4782383e+01   4.4793297e+01   4.4876782e+01   4.4896065e+01   4.4993626e+01   4.5061827e+01   4.5160364e+01   4.5324951e+01   4.5373989e+01   4.5440196e+01   4.5591590e+01   4.5610649e+01
   0.0000000e+00   2.0731288e+01   4.2427340e+01   4.3165614e+01   4.3717829e+01   4.3761363e+01   4.3784317e+01   4.3786584e+01   4.4270315e+01   4.4278002e+01   4.4317065e+01   4.4402007e+01   4.4402247e+01   4.4429484e+01   4.4463250e+01   4.4762572e+01   4.5016628e+01   4.5041454e+01   4.5044624e+01   4.5056264e+01   4.5115730e+01
   0.0000000e+00   2.0824637e+01   4.2045022e+01   4.2173603e+01   4.2617641e+01   4.2634274e+01   4.2826390e+01   4.3169750e+01   4.3402682e+01   4.3547073e+01   4.3650695e+01   4.3883625e+01   4.3884628e+01   4.3982508e+01   4.3988161e+01   4.4065709e+01   4.4081734e+01   4.4149211e+01   4.4231178e+01   4.4255593e+01   4.4266689e+01
   0.0000000e+00   2.0824637e+01   4.2536689e+01   4.2698805e+01   4.3155608e+01   4.3349300e+01   4.3489212e+01   4.3701156e+01   4.3728653e+01   4.4017742e+01   4.4282305e+01   4.4299261e+01   4.4371587e+01   4.4406677e+01   4.4516208e+01   4.4613510e+01   4.4614795e+01   4.4630073e+01   4.4720095e+01   4.4732996e+01   4.4791245e+01
   0.0000000e+00   2.0433424e+01   4.2515671e+01   4.2873043e+01   4.2931864e+01   4.3178294e+01   4.3349063e+01   4.3516963e+01   4.3543919e+01   4.3620031e+01   4.3630859e+01   4.3913705e+01   4.4172129e+01   4.4256025e+01   4.4290215e+01   4.4470342e+01   4.4491075e+01   4.4529983e+01   4.4613411e+01   4.4702545e+01   4.4708954e+01
   0.0000000e+00   2.0433424e+01   4.2919343e+01   4.3105392e+01   4.3270152e+01   4.3512084e+01   4.3570159e+01   4.3673918e+01   4.3675809e+01   4.3903608e+01   4.4007581e+01   4.4214858e+01   4.4292165e+01   4.4580551e+01   4.4659871e+01   4.4701388e+01   4.4727721e+01   4.4738072e+01   4.4812375e+01   4.4853310e+01   4.4897074e+01
   0.0000000e+00   2.7547677e+01   4.4372685e+01   4.5199088e+01   4.5248736e+01   4.5421855e+01   4.5557368e+01   4.5613437e+01   4.5888568e+01   4.5961643e+01   4.5988903e+01   4.6074951e+01   4.6117778e+01   4.6191994e+01   4.6208900e+01   4.6209040e+01   4.6270980e+01   4.6348271e+01   4.6372144e+01   4.6438682e+01   4.6545818e+01
   0.0000000e+00   2.7547677e+01   4.1046274e+01   4.1285389e+01   4.1373638e+01   4.1385914e+01   4.1413675e+01   4.1902167e+01   4.1958211e+01   4.1968001e+01   4.2082804e+01   4.2269581e+01   4.2476231e+01   4.2513263e+01   4.2567165e+01   4.2623104e+01   4.2702847e+01   4.2715337e+01   4.2748904e+01   4.2831143e+01   4.2884074e+01
   0.0000000e+00   2.5809797e+01   4.3373996e+01   4.4146194e+01   4.4326100e+01   4.4496030e+01   4.4586517e+01   4.5007918e+01   4.5325058e+01   4.5359071e+01   4.5446393e+01   4.5468378e+01   4.5536203e+01   4.5582050e+01   4.5614962e+01   4.5768095e+01   4.5811441e+01   4.6118218e+01   4.6162187e+01   4.6193649e+01   4.6213300e+01
   0.0000000e+00   2.5809797e+01   4.1887637e+01   4.2702579e+01   4.2830225e+01   4.2852876e+01   4.3035679e+01   4.3260804e+01   4.3406310e+01   4.3596101e+01   4.3776810e+01   4.3854952e+01   4.4198426e+01   4.4206466e+01   4.4224984e+01   4.4324698e+01   4.4329611e+01   4.4400085e+01   4.4405688e+01   4.4493264e+01   4.4672808e+01
   0.0000000e+00   2.2786401e+01   4.0166582e+01   4.0443633e+01   4.0592448e+01   4.0969173e+01   4.1227221e+01   4.1308711e+01   4.1464345e+01   4.1592807e+01   4.1732131e+01   4.1787235e+01   4.1788916e+01   4.2021943e+01   4.2236454e+01   4.2322006e+01   4.2431023e+01   4.2477857e+01   4.2501467e+01   4.2648708e+01   4.2792753e+01
   0.0000000e+00   2.2786401e+01   3.8436213e+01   3.8871628e+01   3.9018301e+01   3.9420388e+01   3.9624865e+01   3.9860574e+01   3.9936778e+01   4.0170634e+01   4.0328059e+01   4.0402689e+01   4.0520767e+01   4.0588207e+01   4.0684731e+01   4.0889991e+01   4.0986423e+01   4.0987973e+01   4.1046274e+01   4.1074289e+01   4.1094270e+01
   0.0000000e+00   2.5626044e+01   3.7716479e+01   3.8210938e+01   3.8436213e+01   3.8584653e+01   3.9252111e+01   3.9352565e+01   3.9396321e+01   3.9652485e+01   3.9683372e+01   3.9690995e+01   3.9865094e+01   4.0058964e+01   4.0087450e+01   4.0355386e+01   4.0420292e+01   4.0443633e+01   4.0460421e+01   4.0467783e+01   4.0551927e+01
   0.0000000e+00   2.5626044e+01   4.5007939e+01   4.5236062e+01   4.5869460e+01   4.5938288e+01   4.6349627e+01   4.6408229e+01   4.6457005e+01   4.6584672e+01   4.6712548e+01   4.6836751e+01   4.6844866e+01   4.7179508e+01   4.7180666e+01   4.7241874e+01   4.7246513e+01   4.7269644e+01   4.7276337e+01   4.7359948e+01   4.7393974e+01
   0.0000000e+00   1.5187450e+01   2.5238694e+01   2.6607426e+01   2.7544709e+01   3.1340323e+01   3.1372894e+01   3.5636094e+01   4.1685979e+01   4.2046934e+01   4.2228502e+01   4.2475451e+01   4.2609332e+01   4.2825413e+01   4.3283184e+01   4.3382372e+01   4.3436531e+01   4.3524836e+01   4.3691447e+01   4.3729026e+01   4.3748751e+01
   0.0000000e+00   1.5187450e+01   2.3884943e+01   2.5868690e+01   2.6988014e+01   3.1312337e+01   3.1536411e+01   3.6034406e+01   4.1136317e+01   4.1520094e+01   4.1700314e+01   4.1875884e+01   4.2063731e+01   4.2113193e+01   4.2549543e+01   4.2635988e+01   4.2974462e+01   4.2986692e+01   4.3022753e+01   4.3028359e+01   4.3048016e+01
   0.0000000e+00   1.8549830e+01   2.6988014e+01   2.7544709e+01   2.9214370e+01   3.0141575e+01   3.0513419e+01   3.5129034e+01   4.0319654e+01   4.0744998e+01   4.1021932e+01   4.1117227e+01   4.1239502e+01   4.1434653e+01   4.1952540e+01   4.2118346e+01   4.2156824e+01   4.2249595e+01   4.2320412e+01   4.2395265e+01   4.2436812e+01
   0.0000000e+00   1.8549830e+01   2.5868690e+01   2.6607426e+01   2.7746017e+01   2.8169171e+01   2.9861210e+01   3.5180044e+01   4.0413654e+01   4.0467783e+01   4.0889991e+01   4.0892374e+01   4.0990352e+01   4.1130490e+01   4.1844944e+01   4.1878669e+01   4.1964832e+01   4.2050127e+01   4.2071265e+01   4.2116748e+01   4.2317375e+01
   0.0000000e+00   2.8169171e+01   3.0141575e+01   3.1134398e+01   3.1312337e+01   3.1340323e+01   3.1395704e+01   3.6568730e+01   4.7143184e+01   4.7482954e+01   4.7545372e+01   4.7886493e+01   4.8049680e+01   4.8102146e+01   4.8442733e+01   4.8586254e+01   4.8785910e+01   4.8810936e+01   4.8815976e+01   4.8879704e+01   4.8883418e+01
   0.0000000e+00   2.3884943e+01   2.5238694e+01   2.7746017e+01   2.9214370e+01   3.0339505e+01   3.1134398e+01   3.4689463e+01   4.4132009e+01   4.4447183e+01   4.4759750e+01   4.4925322e+01   4.5112444e+01   4.5147001e+01   4.5253633e+01   4.5379990e+01   4.5432768e+01   4.5777892e+01   4.5809088e+01   4.5841706e+01   4.5936343e+01
   0.0000000e+00   1.9139070e+01   3.4689463e+01   3.5129034e+01   3.5180044e+01   3.5636094e+01   3.6034406e+01   3.6568730e+01   5.1459863e+01   5.1474689e+01   5.1774752e+01   5.2096647e+01   5.2285143e+01   5.2493670e+01   5.2572430e+01   5.2672915e+01   5.2819467e+01   5.2865335e+01   5.2925203e+01   5.2938186e+01   5.3005360e+01
   0.0000000e+00   1.9139070e+01   2.9861210e+01   3.0339505e+01   3.0513419e+01   3.1372894e+01   3.1395704e+01   3.1536411e+01   4.7282529e+01   4.7539730e+01   4.7881006e+01   4.8119406e+01   4.8208991e+01   4.8351793e+01   4.8631526e+01   4.8705696e+01   4.8778440e+01   4.8939849e+01   4.9013646e+01   4.9135753e+01   4.9165858e+01
   0.0000000e+00   2.0504420e+01   2.4158557e+01   2.4430334e+01   2.5369234e+01   2.6992246e+01   2.9802605e+01   3.0161888e+01   3.0395226e+01   3.1786286e+01   3.3553231e+01   3.4297330e+01   3.4357242e+01   3.5051092e+01   4.4086140e+01   4.4126956e+01   4.4400865e+01   4.4493072e+01   4.4718196e+01   4.4744508e+01   4.5116633e+01
   0.0000000e+00   2.0504420e+01   2.1992239e+01   2.3229121e+01   2.4978197e+01   2.6394686e+01   2.9147776e+01   2.9397558e+01   3.0171996e+01   3.1099882e+01   3.2642657e+01   3.3008156e+01   3.3067528e+01   3.5504412e+01   4.3038339e+01   4.3635722e+01   4.3809379e+01   4.3907302e+01   4.3937848e+01   4.4000854e+01   4.4505735e+01
   0.0000000e+00   1.9878891e+01   2.8962588e+01   2.9337877e+01   2.9951400e+01   3.0171040e+01   3.0171996e+01   3.0172873e+01   3.0395226e+01   3.1720137e+01   3.3093866e+01   3.4448327e+01   3.4637828e+01   3.4996659e+01   4.4300714e+01   4.4394626e+01   4.4732463e+01   4.4799402e+01   4.4916080e+01   4.5115897e+01   4.5503743e+01
   0.0000000e+00   1.9878891e+01   2.5805050e+01   2.5905506e+01   2.6326056e+01   2.6394686e+01   2.6634577e+01   2.6992246e+01   2.7768852e+01   2.8480925e+01   3.0336564e+01   3.1305809e+01   3.1525351e+01   3.3740268e+01   4.1362984e+01   4.1369535e+01   4.1882722e+01   4.2133503e+01   4.2234531e+01   4.2237356e+01   4.2731495e+01
   0.0000000e+00   2.2830002e+01   2.3037543e+01   2.4934904e+01   2.7768852e+01   2.7812775e+01   2.7853567e+01   2.8790236e+01   2.9582660e+01   2.9767343e+01   3.0172873e+01   3.1099882e+01   3.1786286e+01   3.2454551e+01   4.5851526e+01   4.6192539e+01   4.6366844e+01   4.6600618e+01   4.6789784e+01   4.6791693e+01   4.6829806e+01
   0.0000000e+00   2.2731931e+01   2.4812489e+01   2.6803866e+01   2.9767343e+01   2.9955371e+01   3.0193056e+01   3.1305809e+01   3.1478520e+01   3.1806000e+01   3.3067528e+01   3.4357242e+01   3.4637828e+01   3.8756294e+01   4.9086059e+01   4.9236230e+01   4.9642057e+01   4.9902936e+01   4.9925669e+01   5.0236020e+01   5.0309591e+01
   0.0000000e+00   1.5923252e+01   2.0793208e+01   2.3229121e+01   2.4430334e+01   2.5905506e+01   2.6176178e+01   2.6202155e+01   2.8790236e+01   2.9337877e+01   3.0746973e+01   3.1478520e+01   3.2220572e+01   3.3226301e+01   4.0355386e+01   4.0483040e+01   4.0684731e+01   4.0990745e+01   4.1035282e+01   4.1059418e+01   4.1261905e+01
   0.0000000e+00   2.2830002e+01   2.5038762e+01   2.6785023e+01   2.9922624e+01   3.0193056e+01   3.0336564e+01   3.0741705e+01   3.0746973e+01   3.2094324e+01   3.2222393e+01   3.2642657e+01   3.3093866e+01   3.3553231e+01   4.9000527e+01   4.9053661e+01   4.9600500e+01   4.9602865e+01   4.9755050e+01   4.9887501e+01   4.9957459e+01
   0.0000000e+00   2.2731931e+01   2.6866793e+01   2.7853567e+01   2.9312650e+01   2.9922624e+01   3.0508109e+01   3.1525351e+01   3.2015248e+01   3.2220572e+01   3.3008156e+01   3.4297330e+01   3.4448327e+01   3.8575028e+01   4.9993379e+01   5.0334739e+01   5.0712033e+01   5.0813662e+01   5.1038994e+01   5.1067823e+01   5.1187719e+01
   0.0000000e+00   2.3037543e+01   2.4465980e+01   2.5038762e+01   2.6176178e+01   2.6489183e+01   2.6764119e+01   2.6803866e+01   2.8480925e+01   2.9147776e+01   2.9312650e+01   2.9802605e+01   3.1100453e+01   3.1720137e+01   4.6111681e+01   4.6154015e+01   4.6434148e+01   4.6556235e+01   4.6749062e+01   4.6941009e+01   4.7126127e+01
   0.0000000e+00   3.0063885e+01   4.6755338e+01   4.6779506e+01   4.6950274e+01   4.7024602e+01   4.7119037e+01   4.7493982e+01   4.7516778e+01   4.7641459e+01   4.7722161e+01   4.7728401e+01   4.7908150e+01   4.8072891e+01   4.8105427e+01   4.8171575e+01   4.8199080e+01   4.8201111e+01   4.8274836e+01   4.8305787e+01   4.8306494e+01
   0.0000000e+00   3.0063885e+01   4.5699477e+01   4.5735135e+01   4.6058161e+01   4.6139865e+01   4.6149840e+01   4.6184180e+01   4.6366815e+01   4.6523289e+01   4.6773998e+01   4.6815931e+01   4.6846305e+01   4.6930215e+01   4.7074001e+01   4.7145190e+01   4.7158831e+01   4.7165798e+01   4.7243617e+01   4.7251995e+01   4.7342506e+01
   0.0000000e+00   2.1115870e+01   2.5477620e+01   2.5746613e+01   2.6451627e+01   2.6993035e+01   2.7457707e+01   2.8005808e+01   2.8410715e+01   2.9918664e+01   3.9396321e+01   4.0286068e+01   4.0328059e+01   4.0412173e+01   4.0491620e+01   4.0816922e+01   4.0924190e+01   4.1171086e+01   4.1187773e+01   4.1556207e+01   4.1732131e+01
   0.0000000e+00   2.1115870e+01   2.5406650e+01   2.6210916e+01   2.7131722e+01   2.7192650e+01   2.7636124e+01   2.8710817e+01   3.0116736e+01   3.0208640e+01   4.0745360e+01   4.1335549e+01   4.1483113e+01   4.1568097e+01   4.1609413e+01   4.1865752e+01   4.1938820e+01   4.1985543e+01   4.2004027e+01   4.2477857e+01   4.2603433e+01
   0.0000000e+00   2.4472542e+01   2.5406650e+01   2.5746613e+01   2.6475055e+01   2.6685216e+01   2.7885214e+01   2.8103703e+01   3.0689808e+01   3.1565973e+01   4.5308496e+01   4.5813003e+01   4.5829350e+01   4.6208783e+01   4.6268761e+01   4.6321991e+01   4.6380705e+01   4.6555016e+01   4.6604322e+01   4.6964540e+01   4.7163834e+01
   0.0000000e+00   2.3645394e+01   2.4472542e+01   2.5007011e+01   2.5270911e+01   2.6210916e+01   2.6528101e+01   2.6993035e+01   2.8505859e+01   2.8704747e+01   4.4817151e+01   4.5494106e+01   4.5682135e+01   4.5730484e+01   4.5808259e+01   4.5896644e+01   4.5954990e+01   4.6097864e+01   4.6190626e+01   4.6582289e+01   4.6682659e+01
   0.0000000e+00   2.3568123e+01   2.4947439e+01   2.6321859e+01   2.8005808e+01   2.8704747e+01   2.8945891e+01   2.9543357e+01   3.0208640e+01   3.0689808e+01   4.5354961e+01   4.5367566e+01   4.5603191e+01   4.5845051e+01   4.6059365e+01   4.6073155e+01   4.6084385e+01   4.6117224e+01   4.6376968e+01   4.6897883e+01   4.6977143e+01
   0.0000000e+00   2.2445117e+01   2.3753275e+01   2.3786991e+01   2.4622657e+01   2.6321859e+01   2.6528101e+01   2.8103703e+01   2.8410715e+01   2.8710817e+01   4.4360410e+01   4.5122097e+01   4.5239141e+01   4.5290152e+01   4.5461158e+01   4.5576189e+01   4.5585653e+01   4.5703533e+01   4.5864407e+01   4.6329874e+01   4.6404014e+01
   0.0000000e+00   2.1116987e+01   2.3568123e+01   2.3645394e+01   2.3753275e+01   2.5477620e+01   2.6475055e+01   2.6500892e+01   2.7131722e+01   2.7310492e+01   4.3210548e+01   4.3716142e+01   4.4113461e+01   4.4117953e+01   4.4205664e+01   4.4274777e+01   4.4314729e+01   4.4343878e+01   4.4745010e+01   4.5034088e+01   4.5257069e+01
   0.0000000e+00   2.1054898e+01   2.1116987e+01   2.2445117e+01   2.4947439e+01   2.5007011e+01   2.6451627e+01   2.6685216e+01   2.6742174e+01   2.7192650e+01   4.3591535e+01   4.4213770e+01   4.4252997e+01   4.4491859e+01   4.4538525e+01   4.4718373e+01   4.4903003e+01   4.5035193e+01   4.5136560e+01   4.5457322e+01   4.5553716e+01
   0.0000000e+00   2.4622657e+01   2.5864093e+01   2.6742174e+01   2.7310492e+01   2.8505859e+01   2.8945891e+01   2.9918664e+01   3.0116736e+01   3.1565973e+01   4.5677042e+01   4.6054203e+01   4.6307245e+01   4.6320881e+01   4.6539622e+01   4.6589958e+01   4.6596170e+01   4.6599331e+01   4.7056730e+01   4.7188470e+01   4.7213272e+01
   0.0000000e+00   2.1054898e+01   2.3786991e+01   2.5270911e+01   2.5864093e+01   2.6500892e+01   2.7457707e+01   2.7636124e+01   2.7885214e+01   2.9543357e+01   4.5478243e+01   4.5980215e+01   4.6071990e+01   4.6221449e+01   4.6577338e+01   4.6580063e+01   4.6629831e+01   4.6882119e+01   4.7102357e+01   4.7211029e+01   4.7275973e+01
   0.0000000e+00   2.0957950e+01   2.1428716e+01   2.2676848e+01   2.2804369e+01   2.3268470e+01   2.4243229e+01   2.4611986e+01   2.5647231e+01   2.7797291e+01   4.0906123e+01   4.1704957e+01   4.2219219e+01   4.2511713e+01   4.2582558e+01   4.2630897e+01   4.2753913e+01   4.2818348e+01   4.3035579e+01   4.3107479e+01   4.3359590e+01
   0.0000000e+00   2.0463481e+01   2.0957950e+01   2.1796256e+01   2.3104441e+01   2.3613647e+01   2.3982100e+01   2.6684747e+01   2.7119548e+01   2.7633847e+01   4.1139560e+01   4.2130653e+01   4.2478579e+01   4.2736965e+01   4.2788595e+01   4.2849039e+01   4.3009855e+01   4.3248749e+01   4.3423743e+01   4.3557728e+01   4.3570177e+01
   0.0000000e+00   2.2676848e+01   2.3613647e+01   2.4060700e+01   2.4096283e+01   2.5236564e+01   2.6136419e+01   2.7152581e+01   2.7358604e+01   2.9741600e+01   4.2886762e+01   4.4292472e+01   4.4571094e+01   4.4682946e+01   4.4732969e+01   4.4869105e+01   4.5257136e+01   4.5266929e+01   4.5448947e+01   4.5529602e+01   4.5586870e+01
   0.0000000e+00   2.2294006e+01   2.3757997e+01   2.5319181e+01   2.5510086e+01   2.5647231e+01   2.6684747e+01   2.7151952e+01   2.7152581e+01   2.9869301e+01   4.0087450e+01   4.0604656e+01   4.0986423e+01   4.1786252e+01   4.1833803e+01   4.1837812e+01   4.1896350e+01   4.2040644e+01   4.2310732e+01   4.2431023e+01   4.2521571e+01
   0.0000000e+00   2.4096283e+01   2.4243229e+01   2.5127457e+01   2.5596282e+01   2.6634004e+01   2.6735605e+01   2.7151952e+01   2.7633847e+01   3.0006240e+01   4.3076836e+01   4.3842873e+01   4.4777647e+01   4.5001203e+01   4.5097043e+01   4.5102549e+01   4.5148768e+01   4.5622863e+01   4.5658557e+01   4.5669632e+01   4.5991617e+01
   0.0000000e+00   2.2804369e+01   2.2884591e+01   2.3104441e+01   2.3797933e+01   2.4060700e+01   2.4234609e+01   2.5319181e+01   2.5596282e+01   2.7740896e+01   4.0835047e+01   4.1548201e+01   4.2610584e+01   4.2715798e+01   4.2717635e+01   4.2724143e+01   4.2778567e+01   4.3020211e+01   4.3304882e+01   4.3341365e+01   4.3515737e+01
   0.0000000e+00   1.9670018e+01   2.1428716e+01   2.1796256e+01   2.1932587e+01   2.2633848e+01   2.4234609e+01   2.5127457e+01   2.5236564e+01   2.5510086e+01   3.9652485e+01   4.0453334e+01   4.1041206e+01   4.1094270e+01   4.1163326e+01   4.1425401e+01   4.1524531e+01   4.1612615e+01   4.1733918e+01   4.1739518e+01   4.1878669e+01
   0.0000000e+00   1.7471741e+01   2.2294006e+01   2.2633848e+01   2.3797933e+01   2.3982100e+01   2.4611986e+01   2.6735605e+01   2.7134489e+01   2.7358604e+01   3.8210938e+01   3.9143174e+01   3.9624865e+01   3.9954895e+01   4.0051530e+01   4.0114362e+01   4.0175341e+01   4.0195986e+01   4.0549313e+01   4.0635187e+01   4.0885706e+01
   0.0000000e+00   1.7471741e+01   1.9670018e+01   2.0463481e+01   2.2884591e+01   2.3268470e+01   2.3757997e+01   2.4997012e+01   2.6136419e+01   2.6634004e+01   3.7716479e+01   3.8376221e+01   3.9018301e+01   3.9261771e+01   3.9342426e+01   3.9567245e+01   3.9591009e+01   3.9591732e+01   3.9857073e+01   4.0210368e+01   4.0319654e+01
   0.0000000e+00   2.1932587e+01   2.4997012e+01   2.7119548e+01   2.7134489e+01   2.7740896e+01   2.7797291e+01   2.9741600e+01   2.9869301e+01   3.0006240e+01   4.3388274e+01   4.4100393e+01   4.4301553e+01   4.4538459e+01   4.4807947e+01   4.4832422e+01   4.5190483e+01   4.5330636e+01   4.5422454e+01   4.5478365e+01   4.5497275e+01
   0.0000000e+00   1.7025265e+01   2.2634319e+01   2.2824256e+01   2.3333431e+01   2.3666869e+01   2.4300931e+01   2.5441720e+01   2.5624917e+01   2.6376551e+01   3.9591009e+01   3.9690995e+01   3.9953993e+01   3.9954895e+01   4.0222131e+01   4.0402689e+01   4.0728873e+01   4.0816922e+01   4.1041206e+01   4.1211906e+01   4.1284054e+01
   0.0000000e+00   1.7025265e+01   2.1089671e+01   2.2411057e+01   2.4016997e+01   2.4055211e+01   2.4475977e+01   2.5970310e+01   2.6360512e+01   2.6828806e+01   4.0848822e+01   4.1279167e+01   4.1351945e+01   4.1586525e+01   4.1695840e+01   4.1841969e+01   4.2049873e+01   4.2269276e+01   4.2483928e+01   4.2509193e+01   4.2584662e+01
   0.0000000e+00   2.0433416e+01   2.0529143e+01   2.2411057e+01   2.2824256e+01   2.4379372e+01   2.4499041e+01   2.4821559e+01   2.5282463e+01   2.5820046e+01   3.9352565e+01   3.9950804e+01   4.0193793e+01   4.0210368e+01   4.0520767e+01   4.0549313e+01   4.0873661e+01   4.1161103e+01   4.1187773e+01   4.1612615e+01   4.1627783e+01
   0.0000000e+00   2.0529143e+01   2.1272301e+01   2.2786896e+01   2.3730731e+01   2.5624917e+01   2.6096893e+01   2.6360512e+01   2.6734577e+01   2.9097594e+01   4.0944808e+01   4.1261484e+01   4.1766695e+01   4.1804188e+01   4.1982044e+01   4.1987343e+01   4.2020035e+01   4.2246806e+01   4.2437957e+01   4.2798440e+01   4.3005850e+01
   0.0000000e+00   2.2752280e+01   2.3333431e+01   2.4055211e+01   2.5820046e+01   2.5963033e+01   2.6734577e+01   2.8196428e+01   2.8835580e+01   2.9523578e+01   4.3584945e+01   4.3887872e+01   4.3915548e+01   4.4262677e+01   4.4273326e+01   4.4508757e+01   4.4689961e+01   4.4870873e+01   4.5256464e+01   4.5338181e+01   4.5402198e+01
   0.0000000e+00   2.1089671e+01   2.2634319e+01   2.2752280e+01   2.5282463e+01   2.6631054e+01   2.8124432e+01   2.9097594e+01   2.9165131e+01   2.9839026e+01   4.3511613e+01   4.3911357e+01   4.4147075e+01   4.4206597e+01   4.4211016e+01   4.4376621e+01   4.4744650e+01   4.4967801e+01   4.5140803e+01   4.5343721e+01   4.5394732e+01
   0.0000000e+00   2.3666869e+01   2.4379372e+01   2.4475977e+01   2.4969122e+01   2.6096893e+01   2.6519932e+01   2.7430747e+01   2.8124432e+01   2.8196428e+01   4.1976764e+01   4.2001879e+01   4.2409929e+01   4.2519138e+01   4.2528011e+01   4.2557339e+01   4.2829150e+01   4.3231903e+01   4.3372874e+01   4.3539716e+01   4.3625305e+01
   0.0000000e+00   2.0433416e+01   2.3730731e+01   2.4016997e+01   2.4300931e+01   2.4969122e+01   2.5963033e+01   2.6631054e+01   2.6704333e+01   2.7466690e+01   4.0667456e+01   4.1005308e+01   4.1080788e+01   4.1220608e+01   4.1478256e+01   4.1494366e+01   4.1905671e+01   4.2189381e+01   4.2326578e+01   4.2403363e+01   4.2506533e+01
   0.0000000e+00   2.0240196e+01   2.2786896e+01   2.4821559e+01   2.6376551e+01   2.6828806e+01   2.7430747e+01   2.7466690e+01   2.9523578e+01   2.9839026e+01   4.3066130e+01   4.3419061e+01   4.3564917e+01   4.3600631e+01   4.3623543e+01   4.3921539e+01   4.4041602e+01   4.4362956e+01   4.4616765e+01   4.4790928e+01   4.4839319e+01
   0.0000000e+00   2.0240196e+01   2.1272301e+01   2.4499041e+01   2.5441720e+01   2.5970310e+01   2.6519932e+01   2.6704333e+01   2.8835580e+01   2.9165131e+01   4.2780071e+01   4.3100007e+01   4.3105165e+01   4.3180555e+01   4.3256571e+01   4.3358893e+01   4.3820247e+01   4.3982078e+01   4.4266205e+01   4.4389580e+01   4.4557216e+01
   0.0000000e+00   2.6360196e+01   2.8620872e+01   2.9981450e+01   3.0597410e+01   3.1071960e+01   4.5102945e+01   4.5631803e+01   4.5632150e+01   4.5957853e+01   4.6188567e+01   4.6550379e+01   4.6703973e+01   4.6747063e+01   4.6790157e+01   4.6852633e+01   4.6974040e+01   4.7050903e+01   4.7288971e+01   4.7406305e+01   4.7561810e+01
   0.0000000e+00   2.0914642e+01   2.5486159e+01   2.5561844e+01   2.6360196e+01   2.7900429e+01   3.9591732e+01   3.9860574e+01   3.9865094e+01   4.0051530e+01   4.1153165e+01   4.1221687e+01   4.1447693e+01   4.1528214e+01   4.1700093e+01   4.1733918e+01   4.1787235e+01   4.1896350e+01   4.1906329e+01   4.2018850e+01   4.2464103e+01
   0.0000000e+00   2.6544011e+01   2.7853006e+01   2.7900429e+01   3.0597410e+01   3.1508732e+01   4.3709316e+01   4.4283541e+01   4.4366990e+01   4.4403169e+01   4.5094531e+01   4.5212118e+01   4.5261266e+01   4.5389866e+01   4.5395148e+01   4.5407562e+01   4.5585223e+01   4.5620353e+01   4.5711017e+01   4.5844514e+01   4.6049854e+01
   0.0000000e+00   2.5486159e+01   2.9035242e+01   2.9151059e+01   2.9981450e+01   3.1508732e+01   4.6272122e+01   4.6363666e+01   4.6491801e+01   4.7024138e+01   4.7424678e+01   4.7553776e+01   4.7799410e+01   4.7801547e+01   4.7825154e+01   4.8033857e+01   4.8059968e+01   4.8133416e+01   4.8152554e+01   4.8543276e+01   4.8640966e+01
   0.0000000e+00   2.8154533e+01   4.5159000e+01   4.5452659e+01   4.5562941e+01   4.5895375e+01   4.6014970e+01   4.6018139e+01   4.6205453e+01   4.6648417e+01   4.6671182e+01   4.6771974e+01   4.6806194e+01   4.6847875e+01   4.7104134e+01   4.7218435e+01   4.7285399e+01   4.7295913e+01   4.7299579e+01   4.7425863e+01   4.7429229e+01
   0.0000000e+00   2.8154533e+01   4.6403018e+01   4.6708910e+01   4.7204257e+01   4.7624819e+01   4.7718613e+01   4.7767182e+01   4.7874858e+01   4.7897439e+01   4.8352769e+01   4.8474792e+01   4.8491447e+01   4.8541740e+01   4.8649947e+01   4.8761582e+01   4.8849416e+01   4.8886372e+01   4.8892674e+01   4.8914782e+01   4.8915310e+01
   0.0000000e+00   2.0914642e+01   2.1747902e+01   2.6544011e+01   2.8620872e+01   2.9035242e+01   3.8376221e+01   3.8584653e+01   3.9143174e+01   3.9420388e+01   3.9834268e+01   4.0193793e+01   4.0222131e+01   4.0286068e+01   4.0311542e+01   4.0453334e+01   4.0465193e+01   4.0604656e+01   4.0928173e+01   4.0969173e+01   4.1005308e+01
   0.0000000e+00   2.1747902e+01   2.5561844e+01   2.7853006e+01   2.9151059e+01   3.1071960e+01   4.2337640e+01   4.2351662e+01   4.2773758e+01   4.2916939e+01   4.3556678e+01   4.3770725e+01   4.3779290e+01   4.3781998e+01   4.3865941e+01   4.3999778e+01   4.4147492e+01   4.4164545e+01   4.4220623e+01   4.4367472e+01   4.4531140e+01
   0.0000000e+00   1.5923252e+01   2.1265605e+01   2.4978197e+01   2.5369234e+01   2.5805050e+01   2.6764119e+01   2.7188437e+01   2.8962588e+01   2.9582660e+01   3.1806000e+01   3.2015248e+01   3.2222393e+01   3.4154480e+01   4.0781850e+01   4.0987973e+01   4.1096611e+01   4.1298191e+01   4.1343329e+01   4.1433307e+01   4.1455012e+01
   0.0000000e+00   3.1100453e+01   3.2094324e+01   3.2454551e+01   3.3226301e+01   3.3610411e+01   3.3740268e+01   3.4154480e+01   3.4865589e+01   3.4996659e+01   3.5051092e+01   3.5504412e+01   3.8575028e+01   3.8756294e+01   4.9515648e+01   4.9535805e+01   4.9958909e+01   5.0062220e+01   5.0106936e+01   5.0300728e+01   5.0486319e+01
   0.0000000e+00   3.6606386e+01   5.1665483e+01   5.1818484e+01   5.2144106e+01   5.2166773e+01   5.2204762e+01   5.2234613e+01   5.2476057e+01   5.2478047e+01   5.2480066e+01   5.2662817e+01   5.2687777e+01   5.2954553e+01   5.3013767e+01   5.3064633e+01   5.3108204e+01   5.3176378e+01   5.3317773e+01   5.3360331e+01   5.3367961e+01
   0.0000000e+00   3.6606386e+01   4.7075441e+01   4.7462605e+01   4.7523529e+01   4.7570770e+01   4.7662255e+01   4.7756504e+01   4.7832476e+01   4.7901529e+01   4.7918130e+01   4.8166277e+01   4.8351059e+01   4.8492656e+01   4.8542698e+01   4.8550050e+01   4.8632036e+01   4.8725783e+01   4.8743703e+01   4.8770167e+01   4.8865173e+01
   0.0000000e+00   2.0793208e+01   2.1265605e+01   2.1992239e+01   2.4158557e+01   2.4465980e+01   2.6634577e+01   2.7812775e+01   2.7957592e+01   2.9951400e+01   2.9955371e+01   3.0508109e+01   3.0741705e+01   3.4865589e+01   4.1863764e+01   4.2041561e+01   4.2221055e+01   4.2482339e+01   4.2692330e+01   4.2727570e+01   4.2965328e+01
   0.0000000e+00   2.4812489e+01   2.4934904e+01   2.6202155e+01   2.6326056e+01   2.6489183e+01   2.6785023e+01   2.6866793e+01   2.7188437e+01   2.7957592e+01   2.9397558e+01   3.0161888e+01   3.0171040e+01   3.3610411e+01   4.2774820e+01   4.2955986e+01   4.3347044e+01   4.3615057e+01   4.3794998e+01   4.3867867e+01   4.4028695e+01
   0.0000000e+00   3.7565771e+01   5.2127225e+01   5.2394075e+01   5.2590773e+01   5.2728191e+01   5.2799121e+01   5.2829742e+01   5.2908939e+01   5.3275727e+01   5.3341854e+01   5.3425089e+01   5.3425176e+01   5.3560175e+01   5.3627113e+01   5.3647902e+01   5.3655717e+01   5.3660771e+01   5.3745160e+01   5.3783286e+01   5.3936927e+01
   0.0000000e+00   3.7565771e+01   5.0781328e+01   5.1047531e+01   5.1247514e+01   5.1455168e+01   5.1607519e+01   5.1631647e+01   5.1657022e+01   5.2223313e+01   5.2229310e+01   5.2255376e+01   5.2368586e+01   5.2434287e+01   5.2500168e+01   5.2509921e+01   5.2511391e+01   5.2785243e+01   5.2788354e+01   5.2808739e+01   5.2874200e+01
